route_id,service_id,trip_id,direction_id,block_id,shape_id,direction,wheelchair_accessible,schd_trip_id
1,68101,6810000272020,0,681000003905,68106351,South,1,272020
Blue,109201,92281368654,0,92027529881,309200002,South,1,281368654
Blue,109201,92281368813,0,92027529860,309200002,South,1,281368813
Blue,109201,92281366083,0,92027530297,309200002,South,1,281366083
Blue,109201,92281368758,1,92027529876,309200001,North,1,281368758
Blue,109201,92281366041,1,92027530391,309200001,North,1,281366041
Blue,109201,92281366056,1,92027530298,309200001,North,1,281366056
Blue,109206,92281369695,0,92027530551,309200002,South,1,281369695
Blue,109206,92281369808,1,92027530542,309200001,North,1,281369808
Blue,109209,92281456629,0,92027554456,309200002,South,1,281456629
Blue,109209,92281537961,1,92027554457,309200001,North,1,281537961
Brn,109201,92275697128,0,92026533168,309200017,0,1,275697128
Brn,109201,92275697193,0,92026533175,309200022,0,1,275697193
Brn,109201,92275697131,0,92026533173,309200017,0,1,275697131
Brn,109206,92275696890,0,92026533161,309200017,0,1,275696890
Brn,109209,92275695362,0,92026533152,309200017,0,1,275695362
G,109201,92275546232,0,92026532225,309200012,South,1,275546232
G,109201,92275546249,0,92026532217,309200011,South,1,275546249
G,109201,92275546064,0,92026532218,309200012,South,1,275546064
G,109201,92275546194,1,92026532223,309200009,North,1,275546194
G,109201,92275546257,1,92026532226,309200009,North,1,275546257
G,109201,92275546185,1,92026532220,309200010,North,1,275546185
G,109206,92275546923,0,92026532287,309200012,South,1,275546923
G,109206,92275546956,1,92026532280,309200009,North,1,275546956
G,109209,92275546418,0,92026532266,309200012,South,1,275546418
G,109209,92275546847,1,92026532274,309200009,North,1,275546847
Org,109201,92275547254,1,92026532299,309200034,0,1,275547254
Org,109201,92275547215,1,92026532298,309200034,0,1,275547215
Org,109201,92275547247,1,92026532302,309200034,0,1,275547247
Org,109206,92275547522,1,92026532431,309200034,0,1,275547522
Org,109209,92275547389,1,92026532420,309200034,0,1,275547389
Pink,109201,92281369286,1,92027530490,309200035,0,1,281369286
Pink,109201,92281369292,1,92027530491,309200035,0,1,281369292
Pink,109201,92281369409,1,92027530494,309200035,0,1,281369409
Pink,109206,92275703521,1,92026534210,309200035,0,1,275703521
Pink,109209,92275703397,1,92026534198,309200035,0,1,275703397
P,109201,92277170523,1,92026788148,309200025,0,1,277170523
P,109201,92277170785,1,92026788152,309200024,0,1,277170785
P,109201,92277171121,1,92026788147,309200025,0,1,277171121
P,109206,92277170463,1,92026788139,309200026,0,1,277170463
P,109209,92277168657,1,92026788138,309200025,0,1,277168657
Red,109201,92275698656,0,92026533360,309200007,South,1,275698656
Red,109201,92275698682,0,92026533375,309200007,South,1,275698682
Red,109201,92275699226,0,92026533354,309200007,South,1,275699226
Red,109201,92275698970,1,920265333799,309200008,North,1,275698970
Red,109201,92275698987,1,92026533396,309200008,North,1,275698987
Red,109201,92275699283,1,92026533389,309200008,North,1,275699283
Red,109206,92275949273,0,92026558209,309200007,South,1,275949273
Red,109206,92275949586,1,92026558205,309200008,North,1,275949586
Red,109209,92275949881,0,92026558248,309200007,South,1,275949881
Red,109209,92275949991,1,92026558270,309200008,North,1,275949991
Y,109201,92277171137,1,92026788215,309200137,0,1,277171137
Y,109201,92277171151,1,92026788215,309200138,0,1,277171151
Y,109201,92277171296,1,92026788218,309200138,0,1,277171296
Y,109206,92277168396,1,92026788133,309200138,0,1,277168396
Y,109209,92277167916,1,92026788124,309200138,0,1,277167916
